10163
10166
10230
10232
10233
10326
10327
104588
104589
106796
108665
110014
110015
127289
145008
14580
14581
147193
147635
148099
148638
148640
15124
17245
17675
18850
20249
2529
2530
2534
2551
2596
2637
26651
2705
279
2794
280
283
2886
28948
292
3029
303
305
31020
31021
31026
3107
3109
33023
33043
33045
3406
3407
34081
3409
3410
3412
3415
3430
35253
35254
3537
3538
3539
3540
3541
3558
4066
4067
49028
49535
51865
52542
52543
52545
589
590
593
594
595
597
607
61038
618
6192
6193
62451
637
6375
6395
640
64434
647
649
651
655
658
6580
66861
66864
69903
72875
72877
72882
7609
7998
80645
80651
8901
8938
9109
9110
91712
91713
9773
SolutionFormat
Utility